0.00,0.00,0.00,0
-3.80,-7.73,-1.80,36936
-2.31,-7.85,-1.37,21352
-2.79,-9.96,-1.73,18768
-5.41,-11.53,-1.49,22224
-2.75,-10.75,-0.67,21380
-1.92,-8.12,-1.45,18800
-0.71,-12.04,-3.30,22212
-2.04,-10.83,-1.22,21348
-2.55,-9.22,-0.59,18764
-2.35,-6.86,-0.67,22172
-3.02,-4.79,0.90,21368
-1.53,-4.71,1.37,18700
-1.53,-11.22,0.31,22204
-1.57,-10.28,-0.55,21328
-3.10,-9.22,-0.43,18796
-5.84,-6.83,0.27,22248
-3.69,-11.85,-2.39,21240
-0.75,-10.90,-1.77,18792
-7.14,-6.86,0.67,22344
-4.75,-6.86,-1.18,21396
-4.04,-7.53,-1.22,24540
-6.47,-6.75,0.08,25128
-7.37,-9.14,-0.39,18256
-8.71,-7.77,0.08,19928
-7.30,-4.63,0.39,25276
-7.77,-7.53,-0.31,18284
-8.43,-8.08,-0.39,19928
-7.26,-5.96,0.39,25424
-8.20,-5.02,0.35,18304
-6.67,-6.43,-0.16,19848
-8.16,-6.63,-0.31,25364
-7.96,-7.65,-0.78,18328
-8.98,-5.92,0.12,20068
-7.69,-3.65,-0.27,25188
-7.73,-5.30,-0.04,18348
-7.81,-5.33,-0.31,19912
-7.88,-5.37,-0.04,25504
-8.79,-5.45,-0.63,18344
-9.06,-5.92,-0.12,19948
-8.24,-8.47,0.00,25164
-6.94,-3.41,-0.43,18256
-9.30,-4.24,-0.04,28228
-9.53,-4.08,0.67,21796
-10.16,-4.82,0.20,19144
-8.04,-4.20,0.16,22628
-9.73,-4.90,1.18,21640
-10.16,-5.30,0.27,19112
-7.88,-4.31,0.51,22864
-7.53,-4.43,0.78,21792
-7.22,-4.04,-0.08,19156
-9.22,-4.71,0.59,22688
-9.53,-3.37,0.12,21748
-8.08,-3.37,0.43,19136
-8.51,-4.67,0.51,22532
-10.12,-4.90,1.18,21772
-9.96,-4.79,0.43,19176
-8.87,-3.73,0.59,22624
-8.32,-4.12,0.43,21760
-8.90,-3.96,0.82,19116
-9.81,-4.59,0.63,22636
-9.85,-4.39,0.63,21792
-9.14,-3.92,0.82,19112
-8.20,-3.57,0.00,30832
-9.10,-3.84,0.63,18272
-9.30,-3.65,0.86,19884
-9.30,-3.53,2.16,25288
-9.96,-2.86,0.94,18320
-8.71,-2.39,1.45,19888
-8.83,-3.84,1.22,25172
-8.67,-3.37,1.26,18148
-9.65,-3.92,1.02,19892
-10.00,-2.59,2.28,25200
-9.10,-3.18,1.61,18388
-9.02,-3.73,1.33,19736
-9.41,-2.28,1.73,25264
-10.94,-4.00,1.33,20980
-9.22,-3.65,2.12,24940
-7.85,-2.86,1.92,25900
-10.28,-3.65,-0.16,18608
-9.38,-2.63,1.84,16992
-9.65,-2.28,3.57,19620
-9.41,-2.94,3.14,17304
-8.67,-2.31,1.96,19720
-9.06,-3.26,2.79,29948
-7.49,-1.84,2.79,19156
-8.63,-1.14,2.82,22604
-10.28,-2.75,2.63,21588
-10.08,-2.20,3.88,19204
-9.77,-2.79,3.33,22856
-8.75,-0.16,4.35,21892
-10.12,-0.67,3.06,19172
-8.00,-2.82,3.30,22660
-8.04,-2.63,3.69,21700
-8.12,-1.45,4.04,19176
-8.83,-2.08,3.88,22704
-8.67,-2.00,4.86,21728
-9.30,-2.28,3.77,19236
-8.79,-1.14,3.41,284996
-8.67,-2.12,4.24,334104
-9.26,-2.63,3.53,192320
-9.22,-2.39,3.96,25440
-8.67,-0.55,3.69,18320
-9.26,-3.14,3.57,19880
-8.00,-2.47,3.92,25328
-7.96,-2.16,3.84,23916
-7.88,-2.20,4.63,22612
-8.51,-2.75,4.12,21744
-8.51,-2.20,4.24,19176
-8.59,-2.67,3.92,22820
-8.55,-2.24,4.63,21788
-9.02,-2.12,4.00,19172
-8.63,-2.47,3.84,22624
-8.79,-2.51,3.96,21720
-8.63,-2.82,3.84,19140
-8.55,-2.08,4.63,22620
-8.55,-2.51,4.47,21716
-8.67,-2.51,3.84,19124
-8.63,-2.31,3.80,22732
-8.67,-2.24,4.20,21816
-8.87,-2.35,5.26,19124
-8.90,-2.24,4.28,22540
-8.16,-2.86,3.53,21780
-8.36,-2.43,3.84,19152
-8.32,-1.80,4.59,22708
-8.75,-2.63,3.84,21704
-8.63,-2.16,4.12,19140
-8.63,-2.55,4.31,31000
-8.47,-2.59,4.75,18352
-8.16,-2.24,4.12,19900
-7.88,-1.80,4.51,25228
-8.51,-2.55,3.69,18292
-9.06,-2.71,4.59,19884
-8.55,-2.75,3.88,25408
-8.32,-2.43,5.45,18360
-8.12,-2.67,4.94,19908
-8.98,-2.67,3.73,25248
-8.00,-1.14,4.90,18296
-8.63,-2.24,4.16,19860
-8.98,-2.39,3.80,25192
-8.83,-2.28,4.35,18284
-8.71,-2.43,4.04,19888
-7.77,-2.63,4.12,25252
-8.08,-2.35,3.65,18300
-8.55,-2.75,4.28,19732
-8.67,-2.16,3.49,25308
-8.98,-3.06,3.73,18272
-8.39,-2.16,4.20,19864
-8.47,-2.35,4.39,29832
-8.83,-2.31,4.20,19148
-8.47,-1.73,4.63,22552
-8.28,-2.71,4.35,21692
-8.87,-2.82,3.92,19180
-8.20,-2.94,3.96,22488
-8.47,-2.16,4.51,21692
-8.63,-2.16,4.00,19156
-8.67,-2.20,4.08,22532
-9.22,-2.24,4.43,21652
-8.63,-2.79,4.00,19108
-8.67,-3.10,5.18,22472
-9.22,-3.26,3.69,21648
-8.39,-2.04,4.12,19148
-8.28,-2.35,4.47,22508
-8.87,-2.24,4.39,21708
-8.94,-2.47,4.43,19152
-8.79,-2.63,4.20,22424
-8.12,-2.31,2.98,21692
-8.43,-2.24,3.73,19156
-8.39,-2.63,5.65,22588
-8.47,-2.63,4.28,40396
-8.00,-1.53,4.79,27772
-8.43,-2.08,3.96,20844
-8.39,-2.51,3.96,22412
-8.24,-2.86,3.92,27588
-7.77,-2.28,4.24,20820
-8.71,-2.47,4.55,22280
-8.98,-2.28,4.04,27580
-8.75,-2.51,4.08,20832
-8.83,-1.96,4.39,22408
-8.75,-2.43,3.96,27652
-8.90,-2.71,3.80,20724
-8.67,-2.39,4.39,22372
-8.55,-2.31,3.84,27648
-8.83,-2.16,4.51,20772
-8.87,-2.59,3.41,22232
-8.59,-2.28,4.47,27572
-8.36,-1.96,4.16,20752
-8.24,-2.35,4.86,22280
-8.51,-2.63,4.98,27588
-8.55,-2.75,4.47,20784
-8.83,-2.71,3.92,22128
-9.06,-2.79,3.49,32316
-8.28,-2.39,4.12,21608
-8.71,-2.16,4.35,25056
-8.83,-2.28,4.63,24184
-8.55,-2.55,4.08,21480
-7.88,-1.61,5.22,24972
-8.51,-2.12,4.75,23992
-7.92,-1.84,4.75,21644
-8.55,-2.63,4.08,24916
-8.55,-2.47,3.96,24156
-8.59,-2.28,3.92,21608
-8.32,-2.75,4.71,25116
-9.10,-2.55,4.39,24184
-8.39,-3.10,4.08,21628
-8.43,-2.28,4.00,24988
-8.04,-1.84,4.94,24192
-8.71,-2.24,4.08,21668
-8.36,-2.28,4.63,25032
-8.79,-2.67,4.71,24192
-8.67,-2.94,3.77,21632
-8.71,-3.14,3.69,25088
-8.32,-2.82,4.00,28992
-8.36,-2.47,3.69,22388
-8.75,-2.55,3.77,27776
-8.90,-2.51,3.80,20836
-8.67,-2.51,4.12,22468
-8.90,-2.20,4.51,27604
-8.90,-2.63,4.28,20716
-8.75,-2.04,4.75,22432
-8.63,-2.75,4.08,27708
-8.24,-2.79,3.61,20768
-8.47,-2.59,4.82,22384
-8.59,-2.35,4.35,27676
-8.55,-2.24,4.04,20780
-9.06,-2.90,4.12,22400
-8.36,-2.39,4.43,27648
-9.02,-2.67,4.12,20684
-8.24,-2.35,4.20,22392
-8.59,-1.92,4.04,27676
-8.36,-3.02,4.31,20780
-8.90,-3.45,4.00,22384
-8.20,-1.96,4.94,27684
-8.12,-2.16,3.30,26448
-8.63,-2.63,3.92,25156
-8.59,-2.98,4.67,24076
-7.92,-2.20,4.00,21648
-8.63,-2.59,4.86,25132
-8.51,-2.28,3.96,24216
-8.43,-2.47,4.16,21688
-8.94,-2.71,3.73,25060
-8.55,-2.90,3.88,24224
-8.71,-2.75,4.24,21616
-8.28,-2.51,3.92,25116
-8.51,-2.71,3.88,24264
-8.39,-2.75,4.16,21708
-8.32,-2.43,4.31,25040
-8.63,-2.59,4.28,24096
-8.87,-3.26,4.39,21564
-8.08,-2.90,4.16,25064
-8.36,-3.14,4.12,24108
-8.63,-2.98,4.04,21488
-8.36,-2.75,3.73,24876
-8.71,-2.75,4.24,25668
-8.79,-2.59,4.16,25444
-8.79,-2.16,4.43,36124
-8.87,-2.98,3.53,20888
-8.98,-2.35,4.59,19336
-8.94,-2.31,4.47,22056
-8.79,-3.26,4.16,19832
-8.04,-2.43,3.61,22144
-8.12,-2.90,3.88,27536
-8.12,-2.04,3.61,20876
-7.96,-2.98,4.39,22632
-8.08,-3.37,3.88,27544
-8.47,-2.82,4.04,20812
-8.28,-3.14,3.69,22480
-8.24,-3.18,3.84,27924
-8.43,-2.75,4.86,20856
-8.47,-2.71,5.18,22504
-7.88,-2.43,5.33,27652
-8.32,-2.67,4.12,20892
-8.12,-2.67,4.86,22484
-6.90,-0.55,6.08,27848
-7.65,-2.24,5.73,20820
-8.75,-2.90,5.22,22560
-8.28,-2.43,5.22,32656
-7.96,-1.41,4.94,21636
-7.96,-0.82,6.24,25160
-7.53,-2.16,4.75,24268
-7.96,-2.28,5.30,21684
-8.32,-1.41,4.35,25200
-8.39,-1.37,4.31,24424
-8.28,-2.00,4.20,21684
-8.36,-1.65,4.86,25180
-7.34,-2.35,3.57,24224
-8.36,-2.20,3.92,21672
-8.51,-2.24,4.00,25088
-9.34,-0.39,3.10,24248
-10.55,-1.41,6.20,21640
-9.96,-1.49,4.90,25184
-9.30,-1.80,4.16,24332
-8.32,-1.69,4.20,21640
-7.81,-2.20,4.04,25196
-7.85,-0.86,4.43,24232
-8.67,-1.69,4.00,21768
-9.73,-1.65,4.20,25136
-8.36,0.08,3.80,29080
-9.38,0.39,4.16,22372
-10.04,-1.10,4.24,27916
-10.16,-1.61,4.28,20892
-8.67,-0.51,2.90,22480
-8.43,2.82,3.37,27872
-8.94,2.20,3.18,20764
-9.41,3.96,2.63,22380
-8.36,2.20,2.63,27852
-9.45,0.63,2.71,20800
-9.53,-2.43,3.61,22404
-9.14,-1.22,4.55,27788
-7.02,1.14,3.77,20864
-7.77,-2.31,3.88,22392
-10.20,-2.35,3.73,27872
-11.06,-2.04,3.61,20844
-9.02,0.16,2.47,22436
-7.88,-2.35,2.63,27712
-9.26,-4.79,2.04,20868
-9.65,-3.22,2.28,22380
-8.63,-3.73,2.12,27812
-8.71,-3.41,2.75,20892
-9.34,-5.41,1.18,30516
-8.04,-3.65,2.08,24112
-8.87,-5.49,1.84,21488
-8.94,-2.71,1.57,24936
-10.32,-3.41,2.47,24200
-8.63,-3.73,3.10,21536
-8.43,-6.16,1.69,25004
-9.81,-5.49,1.02,24116
-9.92,-5.53,0.78,21464
-7.69,-4.94,0.78,25012
-9.34,-5.84,0.78,24108
-8.00,-5.14,0.78,21512
-7.69,-5.53,2.63,25036
-7.61,-6.75,1.33,24044
-8.04,-4.82,2.47,21508
-6.59,-5.30,0.35,24896
-7.65,-5.88,1.22,24144
-8.00,-5.18,1.33,21528
-7.49,-5.22,4.67,24956
-5.37,-4.51,1.29,24148
-7.45,-8.36,2.59,21548
-5.57,-6.47,4.16,43968
-5.73,-7.18,4.00,22392
-5.77,-6.63,1.84,27664
-5.69,-7.65,2.75,20732
-5.65,-7.14,3.53,22444
-5.57,-7.10,1.49,27572
-4.24,-5.92,2.16,20832
-6.71,-8.98,1.88,22432
-4.47,-8.79,2.00,27560
-3.53,-9.38,1.73,20800
-2.79,-9.49,1.22,22448
-2.63,-8.55,2.31,27608
-3.02,-10.40,1.49,20768
-3.18,-9.81,1.88,22480
-2.04,-9.65,1.73,27800
-1.33,-9.26,1.02,20824
-1.26,-9.81,1.53,22448
-1.02,-9.92,1.33,27564
-0.51,-9.85,1.10,20724
-1.73,-9.77,1.65,22288
-1.33,-10.20,1.29,27640
-1.10,-10.24,0.82,26404
-0.90,-10.59,1.29,25084
-0.35,-9.81,1.61,24200
-0.39,-8.55,0.16,21432
0.71,-9.45,0.51,25028
0.16,-10.55,1.26,24048
-0.31,-10.87,1.10,21596
0.47,-9.65,0.67,25068
0.27,-9.96,0.63,24132
0.35,-10.24,-0.24,21564
0.39,-9.85,0.27,25112
1.37,-9.96,0.94,24152
0.24,-10.00,0.63,21544
-0.16,-10.20,1.10,25084
0.31,-9.53,0.98,24144
0.12,-9.61,0.67,21568
0.94,-12.40,2.39,24992
2.04,-10.43,-0.86,24168
1.53,-8.75,-1.33,21688
-0.39,-8.83,-0.63,24980
-7.45,-6.86,9.30,24136
-1.26,-10.75,-2.43,21500
-0.78,-5.41,2.59,33264
0.31,-12.08,0.55,20808
0.78,-10.75,1.69,22488
1.33,-10.83,0.43,27528
2.47,-9.10,-1.06,20836
1.29,-9.49,0.86,22444
-0.98,-11.77,0.39,27628
0.63,-8.39,1.06,20760
-0.20,-10.40,1.22,22412
1.92,-10.94,2.51,27608
1.22,-10.94,1.06,20812
0.71,-10.55,0.94,22440
0.04,-11.02,1.57,27656
1.57,-9.96,0.63,20780
1.06,-9.77,-0.20,22424
1.14,-9.38,-1.14,27680
1.69,-9.38,-0.04,20728
2.55,-8.63,-0.67,22436
2.82,-9.61,-0.20,27764
2.71,-9.85,-0.24,20800
2.35,-10.16,1.61,22288
2.39,-9.77,1.22,32112
1.14,-10.71,-0.55,21600
-1.41,-9.38,0.82,25112
2.28,-10.83,-1.61,24164
1.92,-10.55,0.82,21696
2.12,-10.98,1.02,25068
0.86,-10.67,0.20,24120
2.67,-8.79,-0.78,21640
2.90,-9.73,0.27,25164
3.53,-10.67,0.00,24076
2.31,-9.81,0.51,21612
2.31,-9.38,-0.04,24980
0.47,-9.77,0.00,24152
2.16,-10.59,-0.43,21564
2.43,-9.26,0.55,25032
2.00,-9.92,0.35,24156
2.04,-10.20,0.43,21576
2.43,-10.28,0.04,25020
2.28,-9.92,0.08,24252
2.12,-9.96,-0.55,21476
2.59,-8.71,-0.75,25032
2.28,-9.85,-0.43,28884
2.28,-10.67,-0.55,22440
1.45,-8.75,0.24,27660
3.14,-8.98,0.00,20648
1.92,-10.43,-0.51,22384
2.24,-9.65,-0.63,27768
2.94,-10.08,-1.02,20812
2.55,-9.49,-0.24,22300
1.65,-8.63,0.27,27576
1.33,-9.22,-0.78,20608
1.53,-9.53,0.08,22444
2.51,-10.24,-0.51,27536
3.61,-10.12,-0.35,20892
1.10,-8.90,-0.31,22136
0.51,-11.06,-0.82,27800
-0.27,-9.41,3.88,23520
2.55,-11.41,-0.59,27140
3.73,-11.53,-1.84,28544
1.80,-10.63,-2.98,21076
1.57,-10.40,-1.80,19376
2.16,-9.45,-1.45,22076
2.63,-9.14,-1.37,19772
3.30,-9.38,-1.29,19592
3.61,-11.18,-0.43,27436
3.30,-11.34,-0.67,20796
1.26,-9.10,0.24,22432
1.49,-9.96,-1.18,27232
1.37,-9.57,-0.20,20788
2.94,-9.81,-0.82,22384
1.45,-10.40,-0.90,27908
1.92,-10.94,-1.14,20852
2.35,-10.24,-1.18,22440
2.79,-9.69,-0.27,27716
1.73,-10.67,-0.71,20828
1.37,-8.83,-1.10,22448
2.00,-10.47,-0.86,27696
2.55,-9.96,-0.71,20804
2.12,-10.63,-0.47,22392
2.20,-8.94,0.04,27748
2.82,-9.49,-0.82,20684
1.49,-9.73,-0.86,22576
1.92,-9.69,-0.82,27688
2.63,-10.55,-0.71,20788
1.45,-9.10,-0.51,30656
1.80,-10.40,-0.51,24184
1.73,-10.04,-1.41,21652
1.73,-10.00,-0.82,25264
1.84,-10.63,-0.47,24280
2.04,-9.96,-0.63,21648
0.71,-9.61,-0.04,25092
-0.78,-18.28,-7.18,24172
4.31,-10.47,4.51,21704
2.39,-9.96,-0.51,25180
3.37,-8.63,-0.67,24244
3.06,-9.77,-0.51,21608
2.82,-8.75,-0.27,25036
2.31,-9.34,0.63,24196
0.04,-9.92,-0.39,21584
1.88,-8.28,0.20,25188
3.65,-10.04,-1.10,24084
2.43,-10.32,-0.35,21644
0.67,-10.43,-0.51,25188
1.73,-10.20,-0.47,24200
2.08,-10.67,-1.22,21664
1.49,-9.38,-0.31,33264
0.55,-10.40,-1.10,20808
0.98,-10.83,-0.55,22424
1.61,-10.79,-0.55,27648
1.14,-9.96,-1.10,20840
-0.35,-9.92,-0.08,22404
1.69,-10.71,-0.35,27680
1.92,-10.04,-0.08,20816
3.22,-8.20,-0.39,22416
3.80,-8.98,-0.31,27756
1.29,-9.10,-0.51,20776
2.08,-10.47,0.04,22380
1.57,-9.69,0.16,27596
2.39,-9.34,0.00,20756
2.63,-10.20,-0.12,22344
2.39,-9.30,0.63,27836
2.59,-10.32,-0.55,20760
2.20,-9.06,-0.04,22420
2.94,-10.04,0.31,27600
2.59,-10.71,-0.51,20768
2.47,-9.73,-0.35,22456
3.57,-8.71,0.47,45280
2.82,-9.89,0.08,25060
15.49,-0.35,3.49,24200
2.28,-11.73,-0.55,21604
2.43,-9.69,0.24,25056
5.37,-8.94,0.27,24144
3.10,-10.08,0.82,21472
4.16,-9.18,0.47,24944
2.24,-8.98,0.04,24056
1.57,-10.59,-0.82,21552
1.69,-10.00,-0.31,25076
3.45,-10.59,0.12,24140
2.43,-9.85,-0.51,21640
3.45,-10.40,-0.31,25028
2.51,-10.04,-0.31,24092
1.57,-10.24,-0.55,21684
3.14,-10.32,-0.24,25128
0.55,-9.14,-1.02,24300
2.47,-9.38,-0.75,21516
1.26,-9.61,-0.20,25084
4.67,-9.96,-0.39,24208
0.90,-10.08,-0.90,27164
1.06,-9.81,-0.31,27616
0.90,-14.08,-1.14,20780
0.98,-8.51,-0.86,22436
1.33,-11.57,-0.39,27468
0.59,-11.34,-1.22,20860
1.57,-11.61,-1.88,22456
0.55,-9.61,-0.86,27572
0.47,-8.16,-0.75,20812
1.84,-9.30,0.27,22424
0.98,-10.00,-0.35,27608
0.51,-10.20,-1.06,20748
1.22,-9.38,-0.39,22452
0.63,-9.77,-0.94,27692
-1.49,-11.26,-0.86,20748
2.75,-10.51,-0.12,22348
3.96,-10.20,-1.02,27532
2.75,-8.87,-1.88,20820
-1.02,-4.98,2.28,22428
1.73,-11.41,-1.37,27540
2.12,-12.20,-7.81,20824
-14.00,-5.61,-9.14,30540
4.35,-11.77,-0.67,24116
2.51,-12.28,-0.12,21652
4.90,-11.30,-0.24,25164
3.26,-8.75,-0.39,24072
1.49,-9.26,-0.12,21620
1.18,-8.79,-0.82,25020
1.41,-10.43,-0.98,24124
0.35,-11.06,-1.29,21520
0.55,-10.87,-1.57,25152
1.88,-9.85,-1.29,24128
0.24,-8.79,1.18,21656
1.49,-9.69,-0.12,24956
7.92,-9.89,-7.30,24052
-0.98,-9.96,7.06,21456
2.28,-10.59,-0.75,25068
1.02,-12.12,2.39,24116
1.69,-10.24,0.00,21632
0.63,-9.65,0.00,24976
1.77,-10.43,0.12,24040
1.26,-10.43,-0.59,21640
1.37,-10.00,-0.90,33180
0.67,-10.36,-1.02,20800
-0.12,-10.79,-0.90,22464
0.08,-10.24,-0.55,27756
2.04,-8.28,-0.82,20816
1.96,-10.36,-0.82,22564
1.57,-10.16,0.00,27596
3.22,-10.12,-0.86,20756
-1.96,-9.22,-1.26,22316
1.77,-10.16,0.08,27772
1.45,-6.94,-1.57,20796
0.94,-7.49,1.96,22412
1.06,-11.45,-0.86,27552
0.94,-7.96,1.53,20732
-4.08,-26.99,-4.51,22372
7.53,-5.49,-0.59,27800
0.24,-11.65,-2.39,20728
1.65,-10.36,-2.71,22476
2.79,-7.81,-1.45,27628
0.24,-14.98,-2.59,20700
-0.47,-11.34,-1.29,22444
-0.47,-6.12,-1.69,32256
-0.47,-8.94,-1.06,21524
0.35,-12.20,-1.41,25076
0.31,-10.28,-1.80,24140
1.41,-6.39,-1.69,21656
1.14,-8.71,-1.45,24960
0.12,-12.36,-1.88,24052
0.43,-11.22,-1.61,21496
3.22,-9.10,-1.26,25136
3.41,-10.83,-2.00,24176
2.08,-9.14,-1.02,21628
5.33,-9.06,-0.35,24960
1.61,-9.73,-1.18,24076
-1.37,-10.63,-1.84,21624
-5.61,-12.40,-2.86,25232
11.89,-10.32,5.18,24172
-0.12,-11.02,0.24,21648
0.71,-9.96,-1.22,25056
0.12,-8.94,6.47,24192
1.57,-8.83,-0.55,21600
5.10,-8.75,0.31,33320
-7.69,-10.94,-1.84,20624
3.45,-9.26,-1.61,22484
2.12,-11.96,-0.31,27744
-0.63,-9.69,-0.78,20848
-1.22,-8.67,-0.51,22440
2.47,-8.28,-0.75,27864
5.49,-8.94,3.53,20636
3.22,-8.55,-0.43,22388
0.43,-10.16,1.53,27648
0.12,-9.41,0.82,20736
0.51,-10.83,-0.31,22032
2.86,-10.00,0.94,27800
7.34,-11.69,-0.86,23604
-2.94,-7.57,1.22,27120
2.43,-9.10,-0.16,28568
1.45,-11.22,0.67,20844
1.26,-11.81,-0.20,19372
2.04,-11.73,0.04,22124
1.88,-8.87,0.59,19776
2.20,-8.12,-0.04,22124
2.63,-10.98,0.55,32128
4.47,-9.89,-16.83,21760
0.16,-11.57,-2.08,25168
-0.90,-12.08,-2.63,24088
1.33,-8.94,0.78,21804
1.41,-7.85,1.22,25184
2.04,-7.96,2.43,24348
2.24,-10.00,-0.27,21632
0.35,-9.65,6.12,25208
8.83,-9.65,-18.24,24308
-7.41,-10.51,2.98,21708
0.00,-9.49,1.84,25164
0.27,-11.26,-0.98,24116
2.08,-10.08,0.08,21688
0.47,-8.87,4.08,25196
0.27,-9.65,0.24,24188
1.29,-8.20,2.51,21612
-0.39,-8.67,2.63,25172
0.63,-10.75,0.08,24240
0.67,-10.24,0.90,21636
0.67,-9.96,0.75,25280
-0.67,-9.57,1.10,24228
0.67,-9.26,0.47,27028
1.26,-10.94,2.00,27476
0.24,-13.26,-0.31,20560
0.75,-12.20,-0.31,22404
-0.39,-9.89,-0.04,27684
0.94,-7.77,0.24,20660
1.80,-8.04,-0.47,22224
2.28,-9.69,-0.71,27516
0.82,-8.71,0.08,20584
1.10,-10.83,-0.08,22128
0.67,-9.57,-0.27,27528
1.37,-9.53,-0.20,20592
0.04,-9.73,-1.14,22240
0.59,-9.61,-0.31,27468
0.04,-9.96,-0.55,20588
1.57,-9.06,-0.39,22244
0.63,-9.38,-0.63,27528
-0.35,-9.26,0.16,20620
1.33,-10.36,-0.94,22352
0.35,-10.94,-0.16,27672
0.67,-11.65,-0.43,20620
0.43,-9.92,0.20,45848
-0.82,-7.96,0.27,21224
-0.04,-8.67,-0.24,24728
-0.35,-9.22,-0.86,23924
-0.47,-9.96,-0.63,21320
-0.98,-9.61,-0.55,24772
1.22,-11.22,0.27,23896
0.39,-10.90,-0.71,21280
0.00,-9.65,-0.39,24684
-0.16,-8.16,0.24,23824
-0.55,-9.41,0.04,21248
-1.77,-9.30,1.77,24680
-1.37,-10.20,0.67,23688
2.16,-11.73,-1.02,21308
0.98,-9.26,5.61,24760
0.35,-10.36,1.10,23808
4.82,-11.89,-2.98,21340
4.47,-9.96,0.55,24840
-1.65,-9.69,-2.24,23792
1.45,-11.38,-4.08,21356
7.02,-8.98,-0.08,24816
-0.94,-8.67,-8.98,28708
13.02,-21.81,27.07,22500
-1.49,-11.96,2.75,27684
2.75,-9.81,1.77,20972
-0.20,-10.51,1.80,22348
-0.27,-12.28,0.63,27584
1.29,-11.89,1.53,20908
0.78,-11.65,0.82,22468
0.47,-9.45,1.77,27688
1.18,-10.32,0.59,20856
0.55,-9.14,-0.20,22456
0.24,-10.04,-0.08,27664
0.31,-8.24,0.35,20936
1.61,-10.36,-0.27,22408
1.88,-10.00,0.00,27680
0.90,-11.02,-0.43,20740
1.26,-10.16,0.39,22476
1.14,-10.00,-0.63,27580
0.94,-9.96,-1.18,20900
0.24,-9.85,-0.51,22468
0.51,-10.00,0.08,27604
0.63,-10.24,-0.90,26308
0.20,-10.55,-0.94,25096
0.35,-9.49,-0.43,24148
0.71,-9.69,-0.27,21724
0.04,-9.85,-0.47,25068
0.78,-10.43,-0.31,24272
0.63,-10.79,-0.82,21712
1.02,-9.38,-0.12,25100
0.47,-9.41,-0.51,24224
0.31,-9.96,-0.71,21736
0.67,-9.96,-0.90,25008
0.59,-10.08,-0.71,24120
0.35,-10.79,-1.18,21592
0.35,-9.65,-1.02,25140
0.75,-9.22,-0.67,24228
0.59,-10.20,-0.67,21652
0.86,-10.63,-0.86,25040
0.31,-10.20,-1.14,24248
0.35,-10.36,-0.98,21760
0.94,-10.12,0.12,25084
0.51,-10.47,-0.82,24116
0.27,-10.12,-0.90,27176
0.78,-9.38,-0.39,27540
0.43,-10.12,-0.82,20900
0.63,-10.00,-1.02,22516
0.20,-10.12,-1.02,27600
0.47,-10.40,-0.90,20936
0.55,-10.16,-0.82,22340
0.94,-9.77,-0.86,27632
0.16,-10.40,-1.02,20956
0.00,-9.65,-1.37,22328
0.08,-9.65,-0.82,27700
0.67,-9.96,-1.29,20756
0.55,-10.43,-0.78,22460
